1 2
1 3
1 5
1 8
1 9
1 10
1 11
1 12
1 20
1 21
2 1
2 6
2 7
2 8
2 10
2 14
3 1
3 6
3 9
3 10
3 13
3 14
3 21
3 22
4 6
4 9
4 21
4 24
5 1
5 6
5 7
5 21
6 2
6 3
6 4
6 5
6 11
6 18
6 20
6 22
7 2
7 5
7 17
8 1
8 2
8 11
8 13
8 14
8 16
8 20
8 25
9 1
9 3
9 4
10 1
10 2
10 3
10 15
10 16
10 17
11 1
11 6
11 8
11 15
11 19
11 21
11 22
11 25
12 1
12 25
13 3
13 8
13 18
13 20
13 23
13 24
13 25
14 2
14 3
14 8
14 17
14 20
15 10
15 11
15 17
15 22
15 24
16 8
16 10
16 17
16 19
17 7
17 10
17 14
17 15
17 16
17 18
17 21
17 23
17 25
18 6
18 13
18 17
18 20
18 22
18 23
19 11
19 16
19 24
20 1
20 6
20 8
20 13
20 14
20 18
20 21
20 23
20 24
21 1
21 3
21 4
21 5
21 11
21 17
21 20
21 23
21 25
22 3
22 6
22 11
22 15
22 18
23 13
23 17
23 18
23 20
23 21
23 24
24 4
24 13
24 15
24 19
24 20
24 23
25 8
25 11
25 12
25 13
25 17
25 21
