1 2 19
1 8 19
1 9 12
1 10 5
1 11 18
1 14 18
2 1 19
2 11 11
2 12 18
2 25 12
3 6 8
3 7 20
3 8 10
3 11 11
3 15 13
3 23 13
3 25 12
4 11 16
4 12 10
4 19 6
4 23 19
5 7 17
5 23 5
5 24 5
6 3 8
6 9 6
6 12 14
7 3 20
7 5 17
7 11 11
7 14 6
8 1 19
8 3 10
8 19 20
9 1 12
9 6 6
9 23 13
10 1 5
10 18 17
10 22 18
11 1 18
11 2 11
11 3 11
11 4 16
11 7 11
11 15 15
11 22 18
11 24 5
12 2 18
12 4 10
12 6 14
12 20 16
12 21 5
13 14 19
13 22 6
14 1 18
14 7 6
14 13 19
14 17 7
15 3 13
15 11 15
15 18 19
16 21 5
17 14 7
17 19 8
17 20 8
18 10 17
18 15 19
18 23 19
19 4 6
19 8 20
19 17 8
19 20 19
19 22 10
20 12 16
20 17 8
20 19 19
20 22 7
20 23 7
20 24 15
21 12 5
21 16 5
21 22 12
22 10 18
22 11 18
22 13 6
22 19 10
22 20 7
22 21 12
23 3 13
23 4 19
23 5 5
23 9 13
23 18 19
23 20 7
24 5 5
24 11 5
24 20 15
25 2 12
25 3 12
