1 3 6
1 4 8
1 5 7
1 6 12
1 8 14
1 11 15
1 25 11
2 13 17
2 19 9
2 20 20
2 21 12
2 22 18
2 25 8
3 1 6
3 7 15
3 9 16
3 16 5
3 23 8
3 24 11
4 1 8
4 12 18
4 24 18
5 1 7
5 7 6
5 12 13
5 20 13
6 1 12
6 10 10
6 24 5
7 3 15
7 5 6
7 11 6
8 1 14
8 16 6
8 20 13
8 25 9
9 3 16
9 10 17
9 17 7
9 20 12
10 6 10
10 9 17
10 16 20
10 24 20
11 1 15
11 7 6
11 17 15
12 4 18
12 5 13
12 13 10
12 21 20
13 2 17
13 12 10
13 14 17
13 23 11
14 13 17
14 15 18
14 18 12
14 21 13
15 14 18
15 16 19
15 17 19
16 3 5
16 8 6
16 10 20
16 15 19
16 19 10
16 21 6
17 9 7
17 11 15
17 15 19
17 21 11
18 14 12
18 24 9
19 2 9
19 16 10
19 22 9
20 2 20
20 5 13
20 8 13
20 9 12
21 2 12
21 12 20
21 14 13
21 16 6
21 17 11
22 2 18
22 19 9
23 3 8
23 13 11
23 25 13
24 3 11
24 4 18
24 6 5
24 10 20
24 18 9
25 1 11
25 2 8
25 8 9
25 23 13
