1 24
1 28
1 30
1 36
1 37
2 13
2 20
3 12
3 42
3 46
4 13
4 18
4 19
4 27
4 36
4 43
5 16
5 19
5 44
6 11
6 22
6 23
6 45
7 22
8 9
8 27
9 8
9 12
10 36
11 6
11 18
11 44
12 3
12 9
12 17
12 29
13 2
13 4
13 32
13 34
14 42
15 20
15 46
15 48
15 49
16 5
16 29
16 46
16 50
17 12
17 28
17 37
17 47
18 4
18 11
18 47
19 4
19 5
19 40
19 45
20 2
20 15
20 41
20 42
21 26
22 6
22 7
22 32
22 45
23 6
23 30
24 1
25 29
26 21
26 33
27 4
27 8
27 28
28 1
28 17
28 27
28 39
29 12
29 16
29 25
30 1
30 23
30 39
30 46
31 33
32 13
32 22
33 26
33 31
33 38
33 44
33 45
34 13
34 46
35 42
36 1
36 4
36 10
36 38
37 1
37 17
37 44
38 33
38 36
38 47
39 28
39 30
39 43
39 44
39 46
40 19
40 43
41 20
41 49
42 3
42 14
42 20
42 35
42 48
43 4
43 39
43 40
44 5
44 11
44 33
44 37
44 39
45 6
45 19
45 22
45 33
46 3
46 15
46 16
46 30
46 34
46 39
47 17
47 18
47 38
48 15
48 42
49 15
49 41
50 16
