1 3
1 7
1 16
1 20
1 21
1 24
1 26
1 30
1 31
1 33
1 39
1 41
1 43
1 45
1 48
2 12
2 16
2 21
2 22
2 25
2 40
2 42
2 44
2 49
3 1
3 6
3 7
3 12
3 19
3 22
3 23
3 26
3 28
3 39
3 45
4 18
4 33
4 34
4 39
4 41
4 42
4 48
4 49
5 6
5 8
5 27
5 31
5 36
5 38
5 40
6 3
6 5
6 8
6 10
6 11
6 13
6 16
6 19
6 20
6 22
6 24
6 41
6 44
6 45
6 46
6 49
7 1
7 3
7 13
7 14
7 16
7 28
7 36
7 45
7 47
8 5
8 6
8 10
8 13
8 16
8 20
8 22
8 25
8 28
8 29
8 31
8 41
8 47
9 14
9 15
9 24
9 26
9 27
9 29
9 30
9 39
9 44
9 49
10 6
10 8
10 12
10 15
10 19
10 25
10 40
10 42
10 45
10 46
10 47
10 48
11 6
11 16
11 17
11 18
11 24
11 26
11 31
11 37
11 39
11 43
11 44
12 2
12 3
12 10
12 19
12 21
12 23
12 27
12 31
12 32
12 33
12 38
12 40
13 6
13 7
13 8
13 15
13 21
13 22
13 38
13 41
13 45
13 50
14 7
14 9
14 16
14 17
14 24
14 36
14 44
14 45
14 50
15 9
15 10
15 13
15 25
15 26
15 30
15 38
15 39
15 40
15 46
16 1
16 2
16 6
16 7
16 8
16 11
16 14
16 20
16 28
16 29
16 43
16 44
17 11
17 14
17 30
17 33
17 45
17 50
18 4
18 11
18 28
18 30
18 33
18 38
18 41
18 42
18 45
18 46
19 3
19 6
19 10
19 12
19 22
19 24
19 33
19 47
19 48
19 50
20 1
20 6
20 8
20 16
20 22
20 31
20 37
20 45
21 1
21 2
21 12
21 13
21 28
21 40
21 43
21 44
21 46
21 48
22 2
22 3
22 6
22 8
22 13
22 19
22 20
22 27
22 29
22 32
22 36
22 44
23 3
23 12
23 24
23 25
24 1
24 6
24 9
24 11
24 14
24 19
24 23
24 40
24 44
24 49
25 2
25 8
25 10
25 15
25 23
25 28
25 30
25 32
25 38
25 40
25 41
25 47
26 1
26 3
26 9
26 11
26 15
26 30
26 31
26 37
26 38
26 41
26 47
26 48
27 5
27 9
27 12
27 22
27 40
27 42
27 44
27 48
28 3
28 7
28 8
28 16
28 18
28 21
28 25
28 31
28 47
29 8
29 9
29 16
29 22
29 43
29 44
29 48
30 1
30 9
30 15
30 17
30 18
30 25
30 26
30 35
30 41
30 42
30 47
30 49
31 1
31 5
31 8
31 11
31 12
31 20
31 26
31 28
31 33
31 36
31 39
32 12
32 22
32 25
32 35
32 37
32 38
32 47
33 1
33 4
33 12
33 17
33 18
33 19
33 31
33 34
33 36
33 40
33 49
33 50
34 4
34 33
34 37
35 30
35 32
35 36
35 39
35 41
35 43
35 44
35 45
36 5
36 7
36 14
36 22
36 31
36 33
36 35
36 40
36 46
37 11
37 20
37 26
37 32
37 34
37 48
37 49
38 5
38 12
38 13
38 15
38 18
38 25
38 26
38 32
38 40
38 49
39 1
39 3
39 4
39 9
39 11
39 15
39 31
39 35
39 41
39 42
40 2
40 5
40 10
40 12
40 15
40 21
40 24
40 25
40 27
40 33
40 36
40 38
40 41
40 49
41 1
41 4
41 6
41 8
41 13
41 18
41 25
41 26
41 30
41 35
41 39
41 40
41 42
41 46
41 49
41 50
42 2
42 4
42 10
42 18
42 27
42 30
42 39
42 41
43 1
43 11
43 16
43 21
43 29
43 35
43 48
44 2
44 6
44 9
44 11
44 14
44 16
44 21
44 22
44 24
44 27
44 29
44 35
44 46
45 1
45 3
45 6
45 7
45 10
45 13
45 14
45 17
45 18
45 20
45 35
45 49
46 6
46 10
46 15
46 18
46 21
46 36
46 41
46 44
46 48
47 7
47 8
47 10
47 19
47 25
47 26
47 28
47 30
47 32
48 1
48 4
48 10
48 19
48 21
48 26
48 27
48 29
48 37
48 43
48 46
49 2
49 4
49 6
49 9
49 24
49 30
49 33
49 37
49 38
49 40
49 41
49 45
49 50
50 13
50 14
50 17
50 19
50 33
50 41
50 49
