16 3 33 41 39 45 48 24 20 21 43 7 26 30 31 
40 12 42 44 16 49 21 22 25 
1 6 39 7 12 45 19 22 23 26 28 
33 34 39 41 42 48 49 18 
36 6 38 8 40 27 31 
3 5 8 41 10 11 44 13 46 45 16 49 19 20 22 24 
1 3 36 45 14 13 16 47 28 
5 6 41 10 13 47 16 20 22 25 28 29 31 
39 44 14 15 49 24 26 27 29 30 
6 8 42 12 45 46 47 48 40 19 25 15 
37 6 39 43 44 16 17 18 24 26 31 
32 33 2 3 38 40 10 19 21 23 27 31 
6 38 7 8 41 45 15 50 21 22 
36 7 9 44 45 16 17 50 24 
38 39 40 9 10 13 46 25 26 30 
1 2 43 6 7 8 11 44 14 20 28 29 
33 11 45 14 50 30 
33 4 38 41 42 11 45 46 28 30 
33 3 6 10 12 47 48 50 22 24 
1 37 6 8 45 16 22 31 
1 2 40 44 43 12 13 46 48 28 
32 2 3 36 6 8 44 13 19 20 27 29 
24 25 3 12 
1 6 40 9 11 44 14 49 19 23 
32 2 38 8 41 10 15 40 23 47 28 30 
1 3 37 38 9 11 15 48 41 47 30 31 
5 40 9 42 12 44 48 22 
3 7 8 47 16 18 21 25 31 
48 8 9 43 44 16 22 
1 35 17 9 42 15 49 18 41 25 26 47 
1 36 5 39 8 11 12 20 33 28 26 
35 37 38 12 47 22 25 
1 34 4 17 40 12 18 49 50 19 36 31 
33 4 37 
32 36 39 41 43 44 45 30 
33 35 5 7 40 14 46 22 31 
32 34 11 48 49 20 26 
32 5 40 12 13 15 49 18 25 26 
1 3 4 41 42 11 15 35 9 31 
33 2 36 5 38 41 10 12 15 49 21 24 25 27 
1 35 4 6 39 8 42 18 46 13 49 50 40 25 26 30 
2 4 39 41 10 18 27 30 
48 35 1 11 16 21 29 
2 35 6 9 11 14 16 21 22 24 46 27 29 
1 3 6 17 10 7 13 14 49 18 35 20 
36 6 41 10 44 15 48 18 21 
32 7 8 10 19 25 26 28 30 
1 4 37 10 43 46 19 21 26 27 29 
33 2 4 37 6 40 9 45 50 41 24 38 30 
33 49 41 13 14 17 19 
