0 16 0 0 0 13 0 0 7 8 18 0 7 0 0 
16 0 0 0 0 16 0 0 0 0 0 6 0 15 0 
0 0 0 15 6 16 0 0 0 20 0 0 0 0 0 
0 0 15 0 0 0 0 0 12 20 0 0 14 11 0 
0 0 6 0 0 0 0 18 0 0 0 0 0 0 0 
13 16 16 0 0 0 0 0 0 0 0 0 0 0 9 
0 0 0 0 0 0 0 18 0 0 0 0 0 0 5 
0 0 0 0 18 0 18 0 0 0 0 13 0 0 0 
7 0 0 12 0 0 0 0 0 0 0 0 5 20 0 
8 0 20 20 0 0 0 0 0 0 10 0 10 0 10 
18 0 0 0 0 0 0 0 0 10 0 0 0 0 0 
0 6 0 0 0 0 0 13 0 0 0 0 0 15 18 
7 0 0 14 0 0 0 0 5 10 0 0 0 0 0 
0 15 0 11 0 0 0 0 20 0 0 15 0 0 6 
0 0 0 0 0 9 5 0 0 10 0 18 0 6 0 
