0 19 0 0 0 0 0 19 12 5 18 0 0 18 0 0 0 0 0 0 0 0 0 0 0 
19 0 0 0 0 0 0 0 0 0 11 18 0 0 0 0 0 0 0 0 0 0 0 0 12 
0 0 0 0 0 8 20 10 0 0 11 0 0 0 13 0 0 0 0 0 0 0 13 0 12 
0 0 0 0 0 0 0 0 0 0 16 10 0 0 0 0 0 0 6 0 0 0 19 0 0 
0 0 0 0 0 0 17 0 0 0 0 0 0 0 0 0 0 0 0 0 0 0 5 5 0 
0 0 8 0 0 0 0 0 6 0 0 14 0 0 0 0 0 0 0 0 0 0 0 0 0 
0 0 20 0 17 0 0 0 0 0 11 0 0 6 0 0 0 0 0 0 0 0 0 0 0 
19 0 10 0 0 0 0 0 0 0 0 0 0 0 0 0 0 0 20 0 0 0 0 0 0 
12 0 0 0 0 6 0 0 0 0 0 0 0 0 0 0 0 0 0 0 0 0 13 0 0 
5 0 0 0 0 0 0 0 0 0 0 0 0 0 0 0 0 17 0 0 0 18 0 0 0 
18 11 11 16 0 0 11 0 0 0 0 0 0 0 15 0 0 0 0 0 0 18 0 5 0 
0 18 0 10 0 14 0 0 0 0 0 0 0 0 0 0 0 0 0 16 5 0 0 0 0 
0 0 0 0 0 0 0 0 0 0 0 0 0 19 0 0 0 0 0 0 0 6 0 0 0 
18 0 0 0 0 0 6 0 0 0 0 0 19 0 0 0 7 0 0 0 0 0 0 0 0 
0 0 13 0 0 0 0 0 0 0 15 0 0 0 0 0 0 19 0 0 0 0 0 0 0 
0 0 0 0 0 0 0 0 0 0 0 0 0 0 0 0 0 0 0 0 5 0 0 0 0 
0 0 0 0 0 0 0 0 0 0 0 0 0 7 0 0 0 0 8 8 0 0 0 0 0 
0 0 0 0 0 0 0 0 0 17 0 0 0 0 19 0 0 0 0 0 0 0 19 0 0 
0 0 0 6 0 0 0 20 0 0 0 0 0 0 0 0 8 0 0 19 0 10 0 0 0 
0 0 0 0 0 0 0 0 0 0 0 16 0 0 0 0 8 0 19 0 0 7 7 15 0 
0 0 0 0 0 0 0 0 0 0 0 5 0 0 0 5 0 0 0 0 0 12 0 0 0 
0 0 0 0 0 0 0 0 0 18 18 0 6 0 0 0 0 0 10 7 12 0 0 0 0 
0 0 13 19 5 0 0 0 13 0 0 0 0 0 0 0 0 19 0 7 0 0 0 0 0 
0 0 0 0 5 0 0 0 0 0 5 0 0 0 0 0 0 0 0 15 0 0 0 0 0 
0 12 12 0 0 0 0 0 0 0 0 0 0 0 0 0 0 0 0 0 0 0 0 0 0 
