0 0 0 0 0 11 0 0 0 0 13 0 0 6 0 0 0 0 12 0 0 0 0 0 0 0 0 0 0 0 0 0 17 0 14 0 0 0 0 18 0 0 0 0 0 0 0 0 0 0 
0 0 0 0 0 0 0 0 0 0 0 0 0 0 0 0 8 0 0 0 0 0 0 18 0 0 0 0 0 0 0 13 0 0 0 0 0 0 0 9 0 0 0 0 0 0 0 0 7 17 
0 0 0 0 0 0 0 20 5 0 0 0 0 0 0 0 0 0 0 0 7 0 0 20 0 0 0 0 0 0 0 0 0 0 0 0 0 0 0 0 0 0 0 0 0 0 0 0 0 0 
0 0 0 0 0 6 0 0 0 0 13 0 0 10 0 0 19 0 0 0 0 0 18 0 0 0 0 0 0 11 0 0 0 0 0 0 0 0 0 0 0 0 0 0 0 0 0 0 0 19 
0 0 0 0 0 0 0 0 0 0 0 0 0 0 0 0 0 9 0 6 15 0 14 0 0 0 0 0 0 0 5 0 0 0 0 0 13 0 0 18 0 0 0 0 0 0 0 0 0 0 
11 0 0 6 0 0 0 0 0 0 0 0 10 0 0 0 0 20 0 0 0 0 0 0 0 8 0 0 14 0 0 0 0 8 0 0 0 0 0 0 0 6 0 0 0 0 0 0 0 0 
0 0 0 0 0 0 0 13 0 0 0 0 0 0 0 0 0 0 0 0 10 0 0 0 0 0 0 16 0 0 0 0 0 0 0 0 13 0 0 0 0 0 0 0 0 0 0 0 0 0 
0 0 20 0 0 0 13 0 0 0 0 0 0 0 0 0 0 0 0 0 0 0 0 0 0 0 0 0 0 0 0 0 0 0 0 0 0 0 0 0 0 0 0 0 17 0 0 9 0 0 
0 0 5 0 0 0 0 0 0 0 0 0 0 0 0 0 12 0 0 0 0 0 0 0 0 8 6 0 10 0 0 0 0 0 0 0 0 0 0 0 0 0 0 0 16 0 0 0 0 0 
0 0 0 0 0 0 0 0 0 0 0 0 14 0 0 0 0 0 0 0 0 0 0 0 13 0 0 0 0 0 0 0 0 0 0 0 0 0 0 0 0 0 0 0 0 0 0 0 0 0 
13 0 0 13 0 0 0 0 0 0 0 0 0 6 0 0 0 0 0 0 0 0 0 10 0 5 0 19 0 0 0 0 0 0 0 0 5 0 0 0 6 0 0 10 0 0 0 0 6 0 
0 0 0 0 0 0 0 0 0 0 0 0 0 0 0 0 0 0 20 0 0 0 0 0 0 0 12 0 0 0 0 0 5 0 0 0 0 8 0 0 0 0 0 0 0 0 0 0 0 0 
0 0 0 0 0 10 0 0 0 14 0 0 0 0 0 0 10 0 0 0 0 0 0 0 12 0 0 0 0 0 0 0 0 9 17 0 0 0 0 0 0 0 0 0 0 20 0 0 10 0 
6 0 0 10 0 0 0 0 0 0 6 0 0 0 0 0 0 0 0 0 8 0 0 16 0 0 0 0 0 0 0 0 0 0 0 0 0 0 0 0 0 0 0 0 0 0 0 0 0 0 
0 0 0 0 0 0 0 0 0 0 0 0 0 0 0 0 20 0 0 0 0 0 0 0 6 0 0 0 0 0 0 0 0 0 0 0 0 0 0 0 9 0 9 0 0 0 18 0 0 0 
0 0 0 0 0 0 0 0 0 0 0 0 0 0 0 0 19 0 0 0 0 0 0 0 0 0 8 0 0 0 0 0 0 0 0 0 0 0 0 0 0 0 0 0 0 0 0 0 15 0 
0 8 0 19 0 0 0 0 12 0 0 0 10 0 20 19 0 20 0 0 0 0 0 0 0 0 0 14 0 0 0 16 0 0 0 0 0 0 0 0 0 0 5 0 0 0 0 0 0 0 
0 0 0 0 9 20 0 0 0 0 0 0 0 0 0 0 20 0 0 0 0 0 0 0 0 0 0 8 0 0 0 0 0 13 0 0 0 10 0 8 0 11 0 0 0 0 16 0 0 0 
12 0 0 0 0 0 0 0 0 0 0 20 0 0 0 0 0 0 0 0 0 0 0 0 19 0 0 0 0 10 14 0 0 0 0 0 0 0 6 0 0 0 0 8 0 0 0 0 15 0 
0 0 0 0 6 0 0 0 0 0 0 0 0 0 0 0 0 0 0 0 0 0 0 0 0 0 0 0 0 0 0 0 0 0 0 0 0 0 0 0 0 0 12 0 0 0 0 0 18 0 
0 0 7 0 15 0 10 0 0 0 0 0 0 8 0 0 0 0 0 0 0 0 0 0 0 0 0 19 0 0 0 0 0 0 0 0 0 0 0 0 0 11 0 0 0 0 0 0 0 0 
0 0 0 0 0 0 0 0 0 0 0 0 0 0 0 0 0 0 0 0 0 0 0 0 0 0 13 0 0 19 0 0 0 0 0 0 0 0 8 0 0 0 0 0 0 0 13 8 0 0 
0 0 0 18 14 0 0 0 0 0 0 0 0 0 0 0 0 0 0 0 0 0 0 0 0 0 0 0 11 0 0 0 7 0 0 0 0 0 0 0 0 0 10 9 9 0 0 5 0 0 
0 18 20 0 0 0 0 0 0 0 10 0 0 16 0 0 0 0 0 0 0 0 0 0 0 8 0 0 0 0 0 0 0 0 0 0 0 0 0 0 0 0 0 0 0 0 0 0 0 0 
0 0 0 0 0 0 0 0 0 13 0 0 12 0 6 0 0 0 19 0 0 0 0 0 0 0 0 0 0 0 11 0 0 0 0 16 0 16 0 5 0 0 0 0 0 0 0 0 0 0 
0 0 0 0 0 8 0 0 8 0 5 0 0 0 0 0 0 0 0 0 0 0 0 8 0 0 0 0 0 0 0 0 0 6 6 0 6 0 0 0 0 0 0 0 0 7 8 0 20 0 
0 0 0 0 0 0 0 0 6 0 0 12 0 0 0 8 0 0 0 0 0 13 0 0 0 0 0 0 0 0 0 0 0 0 0 0 0 20 0 0 0 0 0 0 0 0 15 0 0 0 
0 0 0 0 0 0 16 0 0 0 19 0 0 0 0 0 14 8 0 0 19 0 0 0 0 0 0 0 0 0 0 0 0 0 0 0 0 0 0 0 0 0 0 0 0 0 0 0 0 15 
0 0 0 0 0 14 0 0 10 0 0 0 0 0 0 0 0 0 0 0 0 0 11 0 0 0 0 0 0 17 0 0 0 12 0 0 0 0 7 0 0 0 0 0 0 0 19 0 0 0 
0 0 0 11 0 0 0 0 0 0 0 0 0 0 0 0 0 0 10 0 0 19 0 0 0 0 0 0 17 0 0 0 0 0 0 0 0 8 0 0 0 0 0 0 0 12 6 0 0 0 
0 0 0 0 5 0 0 0 0 0 0 0 0 0 0 0 0 0 14 0 0 0 0 0 11 0 0 0 0 0 0 0 0 0 0 0 0 0 0 0 0 0 0 0 12 0 0 0 0 0 
0 13 0 0 0 0 0 0 0 0 0 0 0 0 0 0 16 0 0 0 0 0 0 0 0 0 0 0 0 0 0 0 0 0 9 13 0 0 0 0 0 0 0 0 0 0 9 9 0 0 
17 0 0 0 0 0 0 0 0 0 0 5 0 0 0 0 0 0 0 0 0 0 7 0 0 0 0 0 0 0 0 0 0 0 0 0 0 0 11 0 0 0 0 0 0 0 0 0 0 0 
0 0 0 0 0 8 0 0 0 0 0 0 9 0 0 0 0 13 0 0 0 0 0 0 0 6 0 0 12 0 0 0 0 0 0 16 0 0 0 5 0 0 0 20 0 0 0 0 0 0 
14 0 0 0 0 0 0 0 0 0 0 0 17 0 0 0 0 0 0 0 0 0 0 0 0 6 0 0 0 0 0 9 0 0 0 0 0 0 0 0 0 0 0 0 0 0 0 0 0 0 
0 0 0 0 0 0 0 0 0 0 0 0 0 0 0 0 0 0 0 0 0 0 0 0 16 0 0 0 0 0 0 13 0 16 0 0 0 0 0 0 0 0 15 0 0 0 0 0 0 0 
0 0 0 0 13 0 13 0 0 0 5 0 0 0 0 0 0 0 0 0 0 0 0 0 0 6 0 0 0 0 0 0 0 0 0 0 0 0 0 0 0 0 0 0 16 0 0 0 0 0 
0 0 0 0 0 0 0 0 0 0 0 8 0 0 0 0 0 10 0 0 0 0 0 0 16 0 20 0 0 8 0 0 0 0 0 0 0 0 0 0 0 0 0 0 0 0 0 0 0 0 
0 0 0 0 0 0 0 0 0 0 0 0 0 0 0 0 0 0 6 0 0 8 0 0 0 0 0 0 7 0 0 0 11 0 0 0 0 0 0 0 0 0 0 0 0 0 0 0 0 0 
18 9 0 0 18 0 0 0 0 0 0 0 0 0 0 0 0 8 0 0 0 0 0 0 5 0 0 0 0 0 0 0 0 5 0 0 0 0 0 0 0 12 0 0 0 0 8 12 0 0 
0 0 0 0 0 0 0 0 0 0 6 0 0 0 9 0 0 0 0 0 0 0 0 0 0 0 0 0 0 0 0 0 0 0 0 0 0 0 0 0 0 0 19 0 0 0 9 0 0 19 
0 0 0 0 0 6 0 0 0 0 0 0 0 0 0 0 0 11 0 0 11 0 0 0 0 0 0 0 0 0 0 0 0 0 0 0 0 0 0 12 0 0 0 0 0 0 0 0 0 0 
0 0 0 0 0 0 0 0 0 0 0 0 0 0 9 0 5 0 0 12 0 0 10 0 0 0 0 0 0 0 0 0 0 0 0 15 0 0 0 0 19 0 0 19 0 0 0 0 0 0 
0 0 0 0 0 0 0 0 0 0 10 0 0 0 0 0 0 0 8 0 0 0 9 0 0 0 0 0 0 0 0 0 0 20 0 0 0 0 0 0 0 0 19 0 0 0 0 0 0 0 
0 0 0 0 0 0 0 17 16 0 0 0 0 0 0 0 0 0 0 0 0 0 9 0 0 0 0 0 0 0 12 0 0 0 0 0 16 0 0 0 0 0 0 0 0 0 0 0 0 10 
0 0 0 0 0 0 0 0 0 0 0 0 20 0 0 0 0 0 0 0 0 0 0 0 0 7 0 0 0 12 0 0 0 0 0 0 0 0 0 0 0 0 0 0 0 0 0 0 0 0 
0 0 0 0 0 0 0 0 0 0 0 0 0 0 18 0 0 16 0 0 0 13 0 0 0 8 15 0 19 6 0 9 0 0 0 0 0 0 0 8 9 0 0 0 0 0 0 0 0 0 
0 0 0 0 0 0 0 9 0 0 0 0 0 0 0 0 0 0 0 0 0 8 5 0 0 0 0 0 0 0 0 9 0 0 0 0 0 0 0 12 0 0 0 0 0 0 0 0 0 0 
0 7 0 0 0 0 0 0 0 0 6 0 10 0 0 15 0 0 15 18 0 0 0 0 0 20 0 0 0 0 0 0 0 0 0 0 0 0 0 0 0 0 0 0 0 0 0 0 0 18 
0 17 0 19 0 0 0 0 0 0 0 0 0 0 0 0 0 0 0 0 0 0 0 0 0 0 0 15 0 0 0 0 0 0 0 0 0 0 0 0 19 0 0 0 10 0 0 0 18 0 
