0 0 6 8 7 12 0 14 0 0 15 0 0 0 0 0 0 0 0 0 0 0 0 0 11 
0 0 0 0 0 0 0 0 0 0 0 0 17 0 0 0 0 0 9 20 12 18 0 0 8 
6 0 0 0 0 0 15 0 16 0 0 0 0 0 0 5 0 0 0 0 0 0 8 11 0 
8 0 0 0 0 0 0 0 0 0 0 18 0 0 0 0 0 0 0 0 0 0 0 18 0 
7 0 0 0 0 0 6 0 0 0 0 13 0 0 0 0 0 0 0 13 0 0 0 0 0 
12 0 0 0 0 0 0 0 0 10 0 0 0 0 0 0 0 0 0 0 0 0 0 5 0 
0 0 15 0 6 0 0 0 0 0 6 0 0 0 0 0 0 0 0 0 0 0 0 0 0 
14 0 0 0 0 0 0 0 0 0 0 0 0 0 0 6 0 0 0 13 0 0 0 0 9 
0 0 16 0 0 0 0 0 0 17 0 0 0 0 0 0 7 0 0 12 0 0 0 0 0 
0 0 0 0 0 10 0 0 17 0 0 0 0 0 0 20 0 0 0 0 0 0 0 20 0 
15 0 0 0 0 0 6 0 0 0 0 0 0 0 0 0 15 0 0 0 0 0 0 0 0 
0 0 0 18 13 0 0 0 0 0 0 0 10 0 0 0 0 0 0 0 20 0 0 0 0 
0 17 0 0 0 0 0 0 0 0 0 10 0 17 0 0 0 0 0 0 0 0 11 0 0 
0 0 0 0 0 0 0 0 0 0 0 0 17 0 18 0 0 12 0 0 13 0 0 0 0 
0 0 0 0 0 0 0 0 0 0 0 0 0 18 0 19 19 0 0 0 0 0 0 0 0 
0 0 5 0 0 0 0 6 0 20 0 0 0 0 19 0 0 0 10 0 6 0 0 0 0 
0 0 0 0 0 0 0 0 7 0 15 0 0 0 19 0 0 0 0 0 11 0 0 0 0 
0 0 0 0 0 0 0 0 0 0 0 0 0 12 0 0 0 0 0 0 0 0 0 9 0 
0 9 0 0 0 0 0 0 0 0 0 0 0 0 0 10 0 0 0 0 0 9 0 0 0 
0 20 0 0 13 0 0 13 12 0 0 0 0 0 0 0 0 0 0 0 0 0 0 0 0 
0 12 0 0 0 0 0 0 0 0 0 20 0 13 0 6 11 0 0 0 0 0 0 0 0 
0 18 0 0 0 0 0 0 0 0 0 0 0 0 0 0 0 0 9 0 0 0 0 0 0 
0 0 8 0 0 0 0 0 0 0 0 0 11 0 0 0 0 0 0 0 0 0 0 0 13 
0 0 11 18 0 5 0 0 0 20 0 0 0 0 0 0 0 9 0 0 0 0 0 0 0 
11 8 0 0 0 0 0 9 0 0 0 0 0 0 0 0 0 0 0 0 0 0 13 0 0 
